96
85
11
82
96
70
88
50
2
47
39
91
89
23
27
35
70
11
95
26
90
6
84
49
16
58
0
57
85
54
16
69
40
27
40
23
39
19
3
21
0
41
78
68
16
72
98
15
22
0
10
77
86
60
4
51
61
58
0
30
47
0
4
0
77
0
34
89
7
84
74
44
15
49
0
46
0
32
84
89
32
95
81
67
0
55
16
81
0
19
64
51
40
57
0
22
0
64
11
16
0
13
0
67
0
30
5
79
63
83
0
45
53
89
28
0
41
99
0
27
50
0
39
0
27
93
46
62
34
0
93
25
80
0
52
0
84
97
75
5
0
57
0
31
5
4
0
7
59
0
27
10
99
0
81
98
95
78
0
59
42
90
50
28
11
0
26
28
53
25
93
77
0
12
0
62
75
44
0
95
0
26
0
24
14
87
0
4
64
49
0
77
0
40
38
42
94
0
9
65
0
20
0
76
0
74
0
50
0
95
0
94
43
76
0
11
75
78
21
98
47
0
75
43
0
85
0
90
0
7
97
78
26
73
0
40
16
36
0
97
7
0
55
76
85
33
67
18
75
64
0
4
14
0
12
43
0
34
9
73
0
48
5
52
0
78
75
0
11
84
81
0
17
4
0
74
0
88
42
0
21
43
38
0
51
88
49
32
5
82
0
56
0
58
21
93
33
3
0
83
18
8
16
0
60
24
18
0
71
40
0
56
47
87
0
4
67
0
51
85
0
76
3
26
93
25
0
44
0
96
9
33
4
72
0
62
83
0
24
0
20
0
10
0
38
89
66
48
83
8
78
0
31
46
58
35
52
0
46
45
9
0
13
63
0
96
7
16
0
17
0
91
0
6
22
90
16
0
9
0
73
69
65
56
61
80
0
70
5
69
10
88
0
54
0
96
24
0
89
25
45
35
0
75
0
12
34
3
99
33
52
19
41
20
66
52
0
50
77
80
81
66
78
17
0
50
0
83
36
0
41
0
14
64
0
60
55
0
61
0
19
27
0
56
93
16
99
88
30
0
46
88
0
8
68
94
0
66
0
80
0
62
0
27
0
26
47
6
99
64
69
56
0
37
47
45
0
42
32
2
0
79
16
0
94
0
9
0
93
84
0
27
14
0
72
73
14
33
26
0
72
33
7
82
61
96
97
83
73
29
37
41
66
0
92
0
51
52
15
3
0
47
23
89
33
48
29
71
68
48
0
35
0
36
1
38
8
88
99
58
0
23
45
0
65
0
20
83
0
61
51
0
77
82
0
18
9
10
0
25
44
0
1
88
79
45
72
39
74
13
7
34
0
74
53
0
78
92
0
19
34
65
88
45
0
44
62
74
9
0
78
96
25
42
63
0
35
97
87
0
28
8
0
30
0
56
0
95
22
52
55
0
12
91
42
54
0
11
0
70
0
22
12
0
92
0
50
0
17
0
33
44
16
55
51
93
0
1
0
53
7
49
59
0
46
11
25
67
0
84
0
71
0
80
0
98
28
52
0
55
30
0
88
5
71
0
13
38
46
0
90
83
46
8
0
51
0
66
0
98
12
0
40
78
0
97
14
96
0
73
34
7
0
31
0
36
70
75
48
0
74
94
42
0
18
42
31
0
55
29
48
78
57
85
61
8
0
73
94
0
78
33
91
0
86
42
36
62
81
64
16
11
29
25
83
0
14
0
96
6
54
0
71
48
38
0
34
93
0
75
0
81
54
80
1
0
54
97
0
4
56
0
47
61
99
0
20
71
62
0
1
0
60
39
17
0
78
0
48
72
0
19
0
3
95
0
51
0
32
88
0
30
19
70
0
73
39
87
72
4
13
99
13
69
86
26
0
97
14
59
0
62
40
36
30
0
36
13
52
97
67
0
90
20
0
95
24
13
51
9
68
78
73
70
0
48
49
0
38
67
0
5
85
0
44
34
53
0
39
10
16
0
99
0
28
18
72
14
85
0
71
15
28
0
97
86
0
77
12
34
39
78
98
0
23
0
75
73
67
41
40
9
30
42
0
78
10
25
0
39
54
71
76
6
18
0
5
0
44
0
94
0
83
0
7
0
66
53
85
0
98
19
0
96
9
53
46
94
0
86
5
27
0
54
0
99
84
89
6
0
50
26
64
0
20
28
84
16
35
68
32
87
25
0
49
0
44
37
81
44
68
26
4
57
0
77
74
50
49
62
89
37
0
76
2
0
54
47
0
45
0
92
0
62
14
0
21
0
94
0
63
0
77
45
2
0
45
0
90
0
48
0
69
38
63
9
0
19
41
0
26
37
5
0
55
0
74
7
72
38
59
0
44
17
67
93
0
45
48
84
0
64
25
49
0
96
58
0
46
37
0
92
60
28
0
43
0
36
49
23
0
63
39
9
34
0
75
62
92
24
97
0
80
0
20
0
87
65
0
44
0
37
0
25
0
41
80
82
60
17
62
10
25
0
65
39
0
46
30
11
0
56
0
57
4
48
0
38
19
12
87
19
22
73
30
0
29
62
10
37
0
43
27
24
0
50
0
99
7
0
55
93
2
41
14
11
32
0
21
52
0
39
32
0
12
0
84
36
0
42
50
19
85
74
0
70
0
4
0
11
0
16
0
25
17
85
75
0
28
79
17
35
67
0
1
53
54
0
93
3
0
49
10
71
80
0
77
57
0
35
0
93
71
25
79
84
0
7
35
11
0
8
58
87
0
29
17
37
0
62
64
65
72
87
0
49
10
79
12
96
24
0
94
0
27
0
47
72
83
32
39
85
0
38
5
0
74
0
97
17
7
31
42
89
7
0
31
11
0
27
41
0
86
0
80
1
12
8
52
93
7
74
11
98
0
25
49
0
25
58
38
0
15
53
18
73
95
50
0
1
9
26
0
28
95
48
0
62
17
6
2
0
88
89
0
40
13
0
24
0
46
23
0
49
15
83
56
0
60
18
0
57
0
45
66
2
0
65
4
0
27
88
18
30
81
93
0
5
0
66
0
19
0
90
63
35
87
26
0
73
21
49
90
0
46
54
57
92
0
49
0
1
59
54
69
89
0
66
45
27
57
40
0
90
67
54
4
14
9
0
12
0
10
0
62
77
0
38
40
0
60
92
84
0
84
7
39
0
9
52
8
82
70
19
0
71
0
71
36
95
71
17
0
88
86
13
63
0
80
0
60
46
0
31
0
79
0
92
77
9
98
0
61
51
0
37
47
93
37
33
41
48
8
74
21
51
13
48
0
7
9
11
96
0
24
48
66
0
78
89
85
32
50
47
76
3
86
0
7
0
11
0
31
0
31
4
0
57
0
34
33
1
18
47
0
68
93
80
83
38
0
54
38
0
58
36
8
0
41
63
40
0
25
35
30
32
80
0
42
93
0
56
51
98
0
30
99
59
72
63
94
21
0
86
88
32
95
40
1
28
0
16
26
13
48
24
0
18
15
0
81
50
5
45
51
0
9
0
57
0
96
46
14
73
96
74
0
31
43
99
54
39
51
94
80
31
0
52
54
0
92
44
0
13
0
96
5
82
33
59
0
4
23
76
0
70
95
43
0
57
0
46
87
23
0
65
14
0
80
0
45
64
0
37
0
87
0
80
98
0
39
1
67
41
31
0
25
0
10
0
67
0
15
25
0
62
94
0
94
0
94
49
0
31
47
61
0
54
27
49
7
6
0
53
0
48
0
41
79
67
0
61
84
0
39
64
61
0
41
71
0
16
2
36
5
0
8
60
10
0
12
0
66
0
46
0
2
0
6
42
58
0
26
65
89
92
85
0
30
23
76
20
42
15
35
91
0
17
0
99
77
15
0
46
68
6
0
81
48
41
0
58
82
0
44
22
0
63
35
88
63
0
42
55
0
95
78
54
0
64
0
53
0
89
44
90
25
94
50
67
0
1
0
28
21
18
87
86
58
0
72
83
23
83
0
34
45
90
11
60
21
60
49
0
17
0
96
63
98
0
77
0
45
29
0
6
4
38
97
0
49
0
67
0
56
0
45
53
31
0
66
24
34
81
72
0
54
0
63
0
41
0
47
0
65
0
72
0
11
0
66
7
24
0
6
67
35
95
0
14
0
11
75
68
29
75
0
21
0
65
2
0
43
28
0
63
30
0
25
0
2
99
0
24
47
31
57
39
41
64
21
37
34
24
0
97
40
96
67
36
0
18
0
14
33
0
21
45
40
0
59
44
0
26
59
0
32
42
3
59
97
0
84
75
78
17
55
76
89
81
36
0
87
19
53
86
0
22
8
73
32
65
0
85
5
58
46
0
78
45
65
91
0
75
14
95
0
74
15
53
8
0
58
86
0
2
33
47
96
99
29
69
0
45
30
27
0
32
29
0
16
66
56
41
0
3
85
75
0
43
0
84
0
17
0
34
16
1
11
48
95
0
98
47
0
68
20
97
10
19
15
36
1
44
48
0
8
74
49
0
77
18
77
0
71
88
80
34
20
0
51
0
22
68
47
56
0
62
0
74
0
22
0
91
87
12
0
16
87
0
29
0
75
0
56
0
21
39
52
15
11
78
0
64
80
0
99
68
95
75
81
62
88
12
49
98
44
50
0
77
66
64
4
0
27
21
0
94
32
0
19
0
42
55
0
27
4
0
60
42
0
83
0
46
12
15
51
15
97
24
35
0
76
0
13
0
59
84
15
27
0
87
22
43
0
90
94
34
87
0
35
0
98
0
80
35
63
80
56
0
76
0
61
0
1
58
57
28
0
63
85
76
0
86
0
12
52
0
15
0
95
0
2
0
26
94
54
22
49
82
93
35
0
45
15
49
14
0
93
14
0
20
63
9
10
0
97
0
38
49
32
52
0
89
0
90
0
65
0
10
90
97
1
45
85
26
0
5
0
98
29
37
0
19
0
4
61
0
84
58
57
91
99
0
9
10
0
82
18
55
34
0
65
0
78
0
2
35
14
0
97
18
60
12
0
79
0
93
0
92
0
2
0
62
0
95
91
0
42
26
0
62
87
0
11
0
27
0
57
0
90
95
71
64
90
0
60
32
0
16
81
10
46
0
26
71
22
79
89
20
55
33
39
25
62
44
0
83
11
64
10
7
17
77
0
18
74
9
0
95
58
65
0
2
67
0
92
5
0
22
54
10
56
65
32
61
0
86
90
36
0
37
0
6
29
72
92
0
38
94
0
85
0
7
66
34
17
89
0
89
0
59
0
5
90
11
0
77
34
0
99
75
89
38
24
0
98
0
36
0
65
11
69
71
57
0
94
0
78
95
67
0
28
18
63
91
87
0
26
21
60
0
24
0
90
93
0
99
26
62
0
50
66
0
35
68
12
64
18
0
89
88
0
53
0
87
81
38
31
35
0
7
70
0
87
44
53
8
81
21
29
79
68
0
49
67
62
0
18
22
64
99
94
0
8
0
82
0
82
88
74
0
27
55
59
48
34
0
84
62
46
25
0
24
0
22
91
0
25
0
30
78
12
37
53
74
0
16
65
5
42
0
76
53
44
9
27
37
89
0
78
75
0
71
0
84
0
69
78
91
63
0
48
25
28
27
0
83
0
26
94
59
0
21
0
90
3
30
75
42
92
0
48
84
15
0
77
11
0
64
34
23
51
0
94
30
0
26
37
9
0
70
65
0
39
0
58
48
60
36
1
74
88
98
0
63
0
81
61
54
47
0
4
40
14
17
75
0
88
0
54
0
58
0
23
92
0
91
4
0
86
93
43
29
0
34
47
88
77
37
65
0
33
0
12
0
78
63
40
51
59
0
47
57
36
37
0
17
0
94
39
96
47
84
41
0
9
8
92
38
82
0
89
54
0
44
0
44
43
0
70
5
37
96
0
34
53
0
53
30
91
0
1
2
35
29
37
79
52
0
81
17
60
4
83
80
0
85
26
81
42
1
0
60
25
91
42
0
58
0
61
0
28
84
29
83
38
0
34
0
77
0
8
15
0
56
89
1
9
29
91
75
51
0
17
99
0
59
0
86
96
0
20
30
65
0
73
3
0
50
0
47
0
53
60
9
40
0
67
0
53
0
22
0
72
88
0
34
35
19
0
22
80
75
18
35
0
66
40
52
59
35
96
0
52
58
0
66
0
26
0
57
44
22
55
0
43
2
13
0
97
24
0
40
47
34
38
18
92
0
89
86
0
53
0
85
61
60
0
97
83
82
0
57
94
0
12
89
0
93
69
6
42
49
0
87
75
20
76
52
84
23
28
19
70
0
93
78
52
96
84
53
17
76
0
7
66
42
0
52
45
61
0
44
84
0
30
0
37
64
45
68
0
38
0
4
39
85
45
0
52
0
23
76
43
21
18
0
36
0
87
0
44
0
13
0
70
0
79
8
98
38
22
0
98
12
87
90
4
95
67
93
16
47
72
71
0
44
0
53
83
71
49
31
5
73
11
91
22
54
89
26
52
70
55
0
79
32
0
56
0
3
0
53
0
40
26
60
97
27
2
54
0
15
74
28
49
0
74
86
10
0
18
10
0
80
57
0
10
0
89
65
98
0
71
39
0
35
18
13
0
55
77
41
90
83
87
0
21
0
19
58
71
5
90
0
2
63
24
60
92
72
0
60
71
82
0
37
4
13
37
57
33
60
53
0
43
0
83
13
67
85
0
97
98
0
9
6
27
13
31
23
3
32
0
25
16
14
0
18
50
11
56
0
47
0
95
40
50
0
76
95
0
44
24
0
94
22
55
0
65
38
71
94
0
32
0
39
68
31
87
43
37
95
0
66
0
30
63
21
0
79
42
0
68
56
78
0
6
47
73
0
28
14
0
59
68
77
68
8
67
73
0
92
15
20
3
64
0
75
0
84
23
99
43
55
50
2
0
82
48
0
63
70
0
58
38
4
3
0
19
0
49
32
0
67
70
0
3
83
30
74
52
45
17
57
16
26
91
0
71
62
0
88
99
0
36
79
14
79
62
19
0
96
82
92
74
45
59
13
10
11
0
14
9
51
0
54
59
90
0
2
62
92
7
93
71
5
0
27
0
49
0
33
18
0
17
0
14
0
4
0
42
85
17
20
0
31
0
61
43
0
59
0
50
5
18
0
97
0
91
0
98
72
73
20
0
32
0
78
0
59
35
34
0
14
0
2
73
59
87
0
10
0
35
0
5
22
38
25
61
40
55
44
54
0
64
25
54
0
50
12
20
49
98
0
86
7
37
19
40
16
32
52
76
70
82
0
77
0
62
0
9
0
36
0
84
17
0
93
56
63
88
54
17
0
16
69
33
67
70
0
51
0
84
14
80
91
0
89
66
91
0
35
0
12
14
26
0
19
69
5
0
60
24
0
33
1
66
41
0
67
36
0
18
44
93
0
50
0
39
0
84
0
88
66
58
71
0
38
0
4
0
97
75
19
37
19
0
33
0
72
0
77
0
29
78
63
0
64
96
75
65
38
79
14
60
0
27
30
0
71
0
91
33
0
80
88
0
81
31
4
18
42
24
63
0
7
0
46
83
0
69
38
36
68
38
0
98
84
48
89
0
71
0
11
48
0
30
10
0
32
4
88
0
24
21
28
17
28
72
49
1
16
0
84
81
25
0
21
47
26
30
0
4
80
90
0
25
47
0
57
28
29
64
63
37
45
64
4
87
0
86
0
24
93
0
9
89
13
22
0
22
29
56
13
64
0
14
0
17
1
0
65
11
33
8
0
65
50
49
0
91
2
0
88
0
47
72
0
15
0
19
0
21
18
0
86
24
78
4
32
22
86
0
68
11
0
28
0
21
0
21
79
0
19
0
37
70
79
0
31
7
0
69
0
47
26
23
44
64
0
42
46
0
51
0
66
69
0
9
60
53
0
61
80
0
37
0
6
0
6
5
21
0
48
36
15
83
14
41
0
1
20
9
44
6
31
48
0
39
0
94
96
0
54
0
85
0
67
4
83
0
1
50
9
0
13
31
12
90
86
0
23
77
0
19
0
55
0
26
99
53
51
13
0
98
0
95
0
90
58
87
83
56
96
84
34
24
33
90
0
95
41
35
90
0
45
32
88
48
81
42
48
88
0
17
0
59
4
0
79
57
0
18
0
28
0
71
83
14
59
41
19
92
17
29
38
0
56
17
65
0
15
73
96
0
16
85
34
65
71
45
73
97
92
0
43
0
18
44
28
0
83
0
98
63
74
0
47
9
91
57
15
29
91
15
36
30
0
76
60
90
14
48
65
0
10
79
0
24
34
0
43
66
73
86
22
50
0
65
74
82
55
7
0
14
35
60
12
75
5
0
60
65
0
42
78
0
93
0
27
75
36
0
88
74
83
37
0
9
56
0
92
0
90
38
46
21
56
24
33
0
7
0
76
37
65
0
41
0
18
53
0
5
49
75
0
55
34
59
11
51
44
8
46
0
62
91
17
0
6
0
46
16
10
58
63
0
20
98
97
0
54
19
22
0
39
70
0
31
0
12
4
0
19
86
11
0
59
44
52
0
40
18
96
28
43
20
0
92
74
92
0
40
0
8
95
97
0
99
0
61
32
0
27
0
82
20
22
0
69
35
0
41
60
93
0
91
88
60
46
55
44
31
38
0
57
67
0
69
0
49
0
48
77
56
50
18
84
0
6
41
77
49
0
17
87
70
36
48
60
45
58
79
44
0
29
30
0
4
0
21
22
6
0
30
23
20
83
79
0
17
0
13
65
60
0
37
49
0
10
0
67
54
88
81
68
0
25
65
59
94
0
45
54
26
0
69
6
40
13
55
98
0
69
0
41
33
0
62
0
78
0
13
0
90
67
86
47
73
0
36
0
65
0
29
76
8
93
91
0
78
67
0
37
28
31
0
33
40
66
0
48
20
57
0
52
0
25
9
65
96
0
59
11
24
0
63
71
0
87
90
0
78
95
0
78
0
31
48
65
0
47
98
0
19
10
13
26
0
48
0
31
83
58
84
94
63
75
23
30
36
0
96
0
54
41
95
85
69
55
0
38
0
72
6
66
0
38
0
90
32
97
53
42
7
0
13
20
89
45
71
54
0
93
44
14
0
7
0
57
40
34
66
39
0
35
52
51
0
18
5
34
85
0
1
0
14
96
20
0
8
58
0
52
45
16
0
31
53
0
59
0
71
0
94
55
53
70
34
40
69
97
0
94
0
84
0
32
72
74
71
89
50
0
47
10
53
83
30
51
29
17
0
82
0
51
61
92
91
0
40
49
0
76
16
0
59
13
0
13
54
8
94
90
11
72
51
85
12
10
0
52
0
61
0
7
78
99
0
76
0
2
16
0
72
53
40
96
0
71
61
4
89
52
39
0
25
77
63
0
56
8
44
34
0
40
63
0
38
65
42
83
64
0
83
54
29
66
77
30
19
0
28
0
28
18
95
0
33
62
48
49
0
48
36
38
96
32
0
17
6
53
90
28
0
93
1
34
5
57
0
97
0
60
58
84
79
28
77
82
0
51
30
0
87
0
37
19
0
86
78
0
38
33
8
0
52
0
32
39
76
0
94
14
0
13
0
6
62
41
33
41
75
3
10
0
50
84
48
47
96
37
68
0
82
71
76
82
0
40
32
0
91
85
79
0
44
22
24
42
0
39
0
1
0
82
47
15
0
57
71
45
0
86
0
22
1
29
0
63
28
3
56
19
92
16
43
76
0
74
0
53
46
0
86
37
61
27
3
6
28
71
0
83
37
39
38
30
0
88
0
67
91
0
32
0
90
10
81
86
0
79
57
11
75
0
61
0
13
18
0
90
52
0
84
12
33
75
0
72
54
65
31
75
48
28
1
14
41
56
0
24
49
51
99
96
52
91
0
97
55
21
93
54
79
0
22
85
16
0
23
47
86
18
0
34
81
2
83
99
0
59
43
78
2
11
0
20
59
0
41
50
77
0
75
0
10
60
0
21
38
46
37
98
9
60
74
70
73
83
58
11
13
0
11
85
89
18
57
0
42
89
0
82
34
75
0
76
0
49
57
11
10
12
0
33
0
37
0
54
64
24
44
45
73
65
68
76
42
49
93
0
65
98
74
0
25
18
87
88
98
3
17
59
15
24
0
16
32
89
49
48
38
86
90
0
54
0
96
51
71
0
80
41
27
0
74
0
38
76
98
0
73
57
84
0
62
13
0
80
42
11
44
31
0
12
73
0
35
90
9
11
0
49
0
28
0
27
36
52
63
98
0
63
29
41
0
75
32
0
66
0
39
22
37
74
40
0
1
76
79
11
0
46
65
95
0
33
92
0
23
10
85
89
9
17
46
0
45
95
81
53
37
20
41
67
41
0
99
75
13
56
73
0
41
15
0
9
0
66
87
44
0
50
80
49
55
0
85
0
33
38
62
72
54
2
23
64
76
14
23
52
0
52
82
87
0
86
83
0
23
78
0
84
0
5
63
95
0
70
28
63
0
1
35
37
91
0
63
47
45
38
36
0
92
13
0
30
11
32
75
59
84
11
0
72
28
0
43
6
11
56
6
0
27
86
97
0
87
24
40
0
88
42
67
0
92
85
95
0
80
0
34
0
44
0
24
0
42
0
53
18
0
5
93
58
40
61
0
26
0
41
59
66
99
47
93
64
80
0
75
83
27
0
10
60
16
44
36
16
0
15
64
22
2
88
32
5
0
86
10
11
10
74
88
0
1
0
31
0
68
52
0
3
0
65
0
91
27
36
91
0
78
49
97
0
39
7
21
49
23
0
84
38
0
70
69
19
6
11
2
0
17
68
0
11
0
39
13
6
30
87
54
9
0
67
80
59
7
51
54
73
20
12
29
41
86
44
52
90
70
77
97
72
92
14
42
15
10
71
65
48
6
35
84
34
29
60
9
93
13
86
2
29
92
37
69
39
96
57
86
19
51
17
48
Found 1168 zeros (0)
